1 1.00000  0.00157
2 0.99740  0.00223
3 0.98930  0.00419
4 0.97590  0.00739
5 0.95733  0.01172
6 0.93377  0.01705
7 0.90548  0.02323
8 0.87275  0.03006
9 0.83591  0.03738
10 0.79536  0.04498
11 0.75154  0.05267
12 0.70490  0.06025
13 0.65595  0.06753
14 0.60524  0.07431
15 0.55331  0.08040
16 0.50074  0.08562
17 0.44811  0.08978
18 0.39597  0.09272
19 0.34448  0.09409
20 0.29469  0.09366
21 0.24722  0.09140
22 0.20261  0.08736
23 0.16142  0.08163
24 0.12411  0.07438
25 0.09112  0.06580
26 0.06282  0.05615
27 0.03952  0.04566
28 0.02145  0.03460
29 0.00878  0.02319
30 0.00161  0.01161
31 0.00000  0.00000
32 0.00387 -0.01106
33 0.01308 -0.02103
34 0.02750 -0.02985
35 0.04694 -0.03748
36 0.07115 -0.04387
37 0.09986 -0.04899
38 0.13275 -0.05282
39 0.16945 -0.05539
40 0.20960 -0.05676
41 0.25278 -0.05703
42 0.29857 -0.05633
43 0.34651 -0.05483
44 0.39612 -0.05272
45 0.44737 -0.05003
46 0.49926 -0.04673
47 0.55122 -0.04298
48 0.60267 -0.03893
49 0.65306 -0.03472
50 0.70184 -0.03048
51 0.74846 -0.02628
52 0.79242 -0.02222
53 0.83322 -0.01836
54 0.87040 -0.01477
55 0.90354 -0.01151
56 0.93225 -0.00862
57 0.95622 -0.00616
58 0.97516 -0.00419
59 0.98885 -0.00275
60 0.99712 -0.00187
61 1.00000 -0.00157